2

0
0.000000
0.000000
0.000000
0.000000
0.000000
0.000000
0.000000
0.000000
0.000000
0.000000
0.000000
0.000000
0.000000
0.000000
0.000000
0.000000
0.000000
0.000000
0.000000
0.000000
0.000000
0.000000
0.000000
0.000000
0.000000

1
1.142065
-2.589879
0.000000
0.000000
141.254913
-74.898956
0.000000
0.000000
0.000000
0.000000
0.000000
0.000000
0.000000
0.000000
0.000000
0.000000
0.000000
0.000000
0.000000
0.000000
0.000000
0.000000
0.000000
0.000000
0.000000

2
2.000000
-2.589879
0.000000
0.000000
0.000000
75.075073
0.000000
0.000000
0.000000
0.000000
0.000000
26.059425
0.000000
38.895126
0.000000
0.000000
0.000000
0.000000
0.000000
0.000000
0.000000
0.000000
-34.704708
0.000000
0.000000

